00111100000000010001000000000001
00110100001001000000000000000000
00100100000000100000000000000100
00000000000000000000000000001100
00111100000000010001000000000001
00110100001001000000000000101011
00100100000001010000000001100100
00100100000000100000000000001000
00000000000000000000000000001100
00111100000000010001000000000001
00110100001010000000000000101011
00100100000010100000000000001010
10010001000010010000000000000000
00010001001010100000000000000010
00100001000010000000000000000001
00001000000100000000000000001100
00100100000010010000000000000000
10100001000010010000000000000000
00111100000000010001000000000001
00110100001001000000000000101011
00100100000000100000000000000100
00000000000000000000000000001100
00111100000000010001000000000001
00110100001001000000000000011111
00100100000000100000000000000100
00000000000000000000000000001100
00100100000010000000000000100000
00111100000000010001000000000001
00110100001010010000000000101011
10000001001010100000000000000000
00010001000010100000000000000010
00100001001010010000000000000001
00001000000100000000000000011101
00000000000010010010000000100001
00100100000000100000000000000100
00000000000000000000000000001100
00100100000010000000000000101100
00000000000010000010000000100001
00100100000000100000000000001011
00000000000000000000000000001100
00100100000010000000000000100000
00000000000010000010000000100001
00100100000000100000000000001011
00000000000000000000000000001100
00100100000010000000000000100000
00111100000000010001000000000001
00110100001010010000000000101011
10000001001010100000000000000000
00010001000010100000000000000101
00000000000010100010000000100001
00100100000000100000000000001011
00000000000000000000000000001100
00100001001010010000000000000001
00001000000100000000000000101111
00100100000000100000000000001010
00000000000000000000000000001100
